"var1" "var2" "var3" "var4" "var5" "res"
"1" 68.1073012226261 95.8375378248527 49.6685119405703 0.0150614209767556 2.09095318708529 218.591602819876
"2" 78.1842043437064 97.6904010524653 54.5164323809515 0.0426499613354256 4.32081033009959 245.841474280069
"3" 54.2452653753571 105.201304751275 49.5982877180004 0.00519493769580201 4.94873129702351 264.083909278055
"4" 54.5627143816091 97.4117146330545 47.2155043948688 0.021132251600826 5.12707453999171 251.395384162884
"5" 56.7547822906636 95.5744298619674 44.0560400317519 0.0274857384144309 1.80111445718732 214.645007943572
"6" 61.8724750261754 103.815595710185 48.2844284620286 0.00993477284908295 6.47718996980015 279.014843673798
"7" 55.5330977961421 98.9305647248445 44.9875895661435 0.0394087687862997 6.54181858970173 269.130420164863
"8" 67.8611231129616 100.146590634758 50.9889534485833 0.00728905770927668 1.90068801720781 225.563999925603
"9" 68.9068279019557 107.473315815686 50.7922290723075 0.00126598801463842 5.48741271550164 277.243593427479
"10" 68.4368069260381 107.662569934816 52.6540625085973 0.0339532776905184 2.21324934768494 244.530996221702
"11" 63.6422034492716 101.742134956862 50.8342115561078 0.0357896291075235 3.39616253684614 245.680401466077
"12" 60.6965238577686 94.695113529786 47.5782960528447 0.0162551663171659 3.20666875265225 228.669763306776
"13" 65.5219290824607 107.002490717107 52.1217732595247 0.014612459334636 2.18013004657512 242.067221655922
"14" 64.7812162339687 95.3097337781029 47.8612594886201 0.0130604329518974 7.33594001200957 269.437429002614
"15" 60.5705776880495 92.7993186864075 46.7461809508277 0.0119576601942568 1.99861712901576 210.527088988382
"16" 58.6385409673676 99.4687837112527 48.74905409467 0.00874456150457263 2.39731841911599 228.571886170911
"17" 73.6377047677524 95.2996689550512 51.6623039065331 0.011989628970623 5.88552428276768 256.615717848913
"18" 71.4483520644717 106.827688536307 52.8441184662257 0.0404746102524881 7.61581622680717 298.031765180199
"19" 54.8993218899705 96.4811728091873 45.628280612408 0.0027353108022362 9.05463616322397 288.736404812221
"20" 70.0516459927894 96.2318828874637 48.1082688352591 0.00245051000267267 2.57707982876546 227.014666650176
"21" 69.0469089290127 99.4139297550484 51.270806309767 0.00014817425981164 6.84623597728418 272.838449921338
"22" 52.3342484980822 104.330971444003 47.2435697051614 0.0240758323815836 5.27633413516208 266.076527407381
"23" 63.6101097776555 103.186413987697 50.872421922019 0.0132523397635669 7.57358831291421 288.285620076802
"24" 50.9371191961691 98.2002088394573 44.8282426897774 0.00178706103004515 3.34255076343373 233.367812027139
"25" 79.2979502095841 92.317068818555 52.5306399615514 0.00149917453527451 5.82315138789834 250.427074154909
